      3
      2
 A
    616
    211
    100
    197
  -2333
  -1941
  -1943
  -1944
  -1946
      0
      0
  -1948
      0
      0
  -1949
  -1951
  -1952
  -1953
  -1954
  -1955
  -1956
  -1957
  -1958
  -1959
  -1960
  -1961
  -1962
  -1963
  -1964
      0
  -1965
  -1966
  -1967
  -1968
  -1969
  -1970
  -1971
  -1973
  -1975
  -1977
      0
  -1978
  -1981
      0
      0
      0
  -1984
  -1986
  -1989
      0
  -1991
  -1993
  -1995
  -1998
      0
      0
  -2002
  -2004
  -2006
  -2008
  -2010
  -2012
      0
  -2015
  -2018
  -2020
  -2024
  -2027
  -2030
  -2031
  -2034
  -2035
  -2036
  -2037
  -2038
  -2039
  -2040
  -2041
  -2044
  -2045
  -2048
      0
      0
      0
      0
  -2051
  -2053
      0
  -2056
  -2057
  -2059
  -2062
  -2064
  -2065
  -2066
  -2067
  -2077
      0
      0
  -2078
  -2080
  -2084
      0
  -2086
  -2089
      0
  -2096
  -2099
  -2103
  -2110
  -2113
  -2118
  -2120
  -2123
  -2126
  -2129
  -2131
  -2134
      0
  -2136
  -2139
  -2141
  -2143
  -2144
      0
  -2148
  -2151
  -2156
  -2159
  -2164
  -2173
  -2176
  -2178
  -2181
  -2184
  -2186
  -2189
      0
  -2194
      0
  -2197
      0
      0
  -2199
  -2209
  -2216
  -2217
  -2220
  -2223
  -2228
  -2233
      0
  -2236
  -2247
  -2253
  -2259
  -2267
  -2275
  -2277
  -2278
  -2285
      0
  -2288
  -2291
      0
      0
      0
      0
      0
      0
      0
      0
      0
      0
      0
      0
      0
      0
      0
      0
      0
      0
      0
      0
  -2295
  -2298
      0
      0
      0
      0
      0
  -2301
      0
      0
      0
  -2317
      0
      0
  -2323
  -2326
  -2329
  -2332
      0
      0
      0
      1
      5
     10
     15
     20
     29
     39
     40
     47
     54
     64
     68
     71
     74
     77
     78
     81
     82
     86
     91
     94
     95
    101
    104
    108
    112
    117
    118
    122
    126
    129
    135
    141
    146
    152
    158
    167
    173
    178
    192
    199
    207
    210
    214
    219
    224
    226
    228
    233
    236
    239
    242
    244
    247
    249
    252
    255
    258
    263
    266
    268
    272
    275
    277
    278
    280
    283
    287
    290
    294
    300
    303
    307
    310
    311
    315
    324
    325
    326
    330
    334
    339
    344
    371
    374
    378
    382
    386
    387
    388
    390
    394
    396
    403
    406
    409
    411
    412
    416
    419
    421
    428
    430
    432
    437
    440
    443
    450
    457
    464
    468
    472
    479
      0
    484
    487
    489
    491
    493
    496
    505
    507
    519
    521
    523
    526
    529
    531
    533
    537
    539
    548
    553
    562
    564
    565
    567
    575
    602
    604
      0
    605
    608
    611
    615
    622
    624
    627
    630
    633
    636
    637
      0
      0
    638
    647
    648
    654
    658
    661
    671
    684
    705
    726
    732
    744
    759
    767
    775
    783
    791
    799
      0
      0
      0
      0
    807
    834
    838
    844
    846
    848
    857
    862
    871
    873
      0
    881
    886
    890
    917
    918
    925
    931
    933
    935
    938
      0
      0
      0
      0
      0
      0
      0
      1
      2
      0
      3
      4
      0
      0
      0
      0
      0
      0
      0
      0
      0
      0
      0
      0
      0
      0
      0
      5
      0
      0
      0
      0
      0
     11
     11
     11
     11
     11
      6
      0
      0
      7
      8
      9
      0
      0
      0
     10
      0
      0
      0
      0
     12
     12
      0
     13
      0
      0
      0
      0
     32
      0
      0
      0
      0
      0
     14
      0
      0
      0
      0
      0
      0
      0
      0
      0
      0
     15
     15
     16
     17
     18
     19
      0
      0
     20
      0
      0
      0
      0
      0
      0
      0
      0
      0
     21
     22
      0
      0
      0
     23
      0
      0
     25
      0
     27
      0
      0
      0
      0
      0
      0
     28
     28
     29
      0
     30
      0
      0
      0
      0
      0
     33
      0
      0
      0
      0
      0
      0
      0
      0
      0
      0
      0
      0
     34
      0
     35
      0
     58
     36
      0
      0
     37
      0
      0
      0
      0
      0
     24
      0
      0
      0
      0
      0
      0
      0
     26
      0
     48
      0
      0
     47
     42
     41
     40
     39
     38
     51
     45
     45
     44
     44
     43
     43
     39
     39
     39
     39
     46
     50
     49
      0
      0
     52
     53
     54
     55
     56
     57
     64
     59
     60
      0
     62
     61
     63
     63
     63
     31
      0
      0
      0
      5
      0
      0
      0
      0
     10
      0
      0
     25
      0
      0
      0
      0
      0
      0
      0
      0
      0
      0
      0
      0
      0
      0
      0
      0
      0
      0
      0
      0
      0
      0
      0
      0
      0
      0
      0
      0
      0
      0
      0
      0
      0
      0
      0
      0
      0
      0
      0
      0
      0
      0
      0
      0
      0
      0
      0
      0
      0
      0
      0
      0
      0
      0
      0
      0
      0
      0
      0
      0
      0
      0
      0
      0
      0
      0
      0
      0
      0
      0
      0
      0
      0
      0
      0
      0
      0
      0
      0
      0
      0
      0
      0
      0
     30
      0
      0
      0
      0
      0
      0
      0
     10
     25
      0
      0
      0
      0
      0
      0
      0
      0
      0
      0
      0
      0
      0
      0
      0
      0
      0
      0
      0
      0
      0
      0
      0
      0
      0
      0
      0
      0
      0
      0
      0
      0
      0
      0
      0
      0
      0
      0
     10
      0
      0
      0
      0
      0
      0
      0
      0
      0
      0
      0
      0
      0
      0
      5
     10
      0
      0
      0
      0
      0
      0
      0
     15
      0
      0
      0
      0
      0
      0
      0
      0
      0
      0
     15
     20
      0
      0
      0
      0
      0
      0
      0
      0
     35
      0
      0
      0
      0
      0
      0
      0
      0
      0
      0
      0
      0
      0
   8192
  25632
  25632
  25632
  25632
  25664
   8256
  25664
   8192
   8192
   8192
   8192
   8192
   8192
   8192
   8192
   8192
   8192
   8192
   8192
   8192
   8192
   8192
   8192
   8192
   8192
   8192
   8192
   8192
   8192
  25632
  25632
  25632
  25632
  25632
  25632
   8192
   8192
   8704
   4640
   8704
   8704
   4640
   8192
   8192
   8192
   8192
   8192
   8192
   8192
  24576
   8192
   8192
   8192
   8192
   8192
   8192
   8192
   8192
   8192
   8192
   8192
   8192
   9216
   8192
   8192
   8192
   8192
   8192
   8192
   8192
   8192
   8192
   8192
   9216
   9216
   8192
   9216
   8192
   8192
   8192
   8192
   8192
   8192
   8192
   8192
   8192
   8192
   8192
   8192
   8192
   8192
  24576
  24576
   8192
  25600
  25600
  25088
  24576
   8192
   8192
   8192
   8192
   8192
  24576
  26144
   5664
   5664
   5664
   9760
   9760
   5664
   5664
   8192
   9760
   9760
   9760
   8192
   8192
   9760
  25632
  25120
  26144
  25632
  25632
   8192
   3104
   3104
   3104
   3104
   8192
   8192
   8192
   8192
  24576
   8192
   8192
   8192
   8192
  24576
   9248
   8320
   8320
   8192
   8192
   8192
  25632
   8192
   8192
   8192
   8192
   8192
   9216
   9216
  24576
   8192
   8208
  24592
  24592
  24592
  24592
  24592
  24592
  24592
  24592
  24592
  24592
  24592
  24592
  24592
  24592
  24592
  24592
  24592
  24592
  24592
  24592
  24592
  24592
  24592
  24592
  24592
  24592
  24592
  24592
  24592
  24592
  24576
   8192
  24576
  25600
  25600
  25600
   9216
   9216
   9216
   9216
      0
      0
      0
    941
   3155
   7178
  10277
  33829
   1027
   5124
   7199
  36096
  -3287
   7170
   3077
   1057
  38144
  -3288
   7170
   3077
   5152
  34048
  -3289
   1027
   5124
   3108
   7942
      0
     63
  46854
      0
     63
   7176
   9223
  10496
  -3290
   3845
      0
     63
  47877
      0
     63
  43014
   3078
   7782
  -3291
     13
  43785
      0
     66
   3082
   5202
   7424
  -3292
  42760
      0
     66
   7177
   3665
  -3293
      1
   1537
  -3294
      1
  38411
  -3295
      1
   7178
   1035
   5132
  35854
   5131
   1038
  35853
   7180
   1038
  42000
   7181
   1035
  35855
  37902
   3089
   1037
  38930
  39952
  10256
   3091
   7186
  42006
   9245
   7186
   2063
   3092
  37918
   2067
   7188
  36885
  33812
   1042
   3096
  10263
   5148
   7194
  40982
   3094
   7196
  42008
   2073
  10263
   8220
  38938
  10020
  -3296
     65
  38936
   7184
   6168
   3100
   9238
  33819
  37914
   3094
  10266
   5143
  39960
   7198
   8221
   2067
  37907
   7197
   5139
  34917
   1055
   3105
   5152
   7199
  42240
  -3297
   1028
   3108
   5154
   7199
  42240
  -3298
   1056
   3108
   5156
   7171
  42131
   3197
   1059
   5154
   7200
  42240
  -3299
   1059
   4221
   5154
   7200
  42240
  -3300
  11033
  -3301
     65
   6149
   4131
   1060
   3108
   7201
  37920
   5121
  10791
  -3302
    275
   3157
  39974
   7205
   3151
  41516
  -3303
    275
  11304
   7210
   5669
  -3304
    275
   9776
  -3305
    275
  15912
  -3306
      6
  34344
  -3307
      6
   1065
   5159
   9259
  10496
  -3308
  45312
  -3309
   1071
  11304
  15912
  -3310
      6
  38440
  -3311
      6
  11307
   3111
  33837
  12330
  10280
  42240
  -3312
   9261
   5252
  36390
  -3313
    275
   1066
   3116
  40494
      0
      8
   7304
  37933
   4137
  42036
   8743
  -3314
    275
   3170
  37971
   3159
   7252
  42070
   7224
   1078
  35892
   7225
   1079
  35893
   1074
  43055
   1079
   7219
  43101
   5170
  38968
   5173
   6195
  33887
   3122
   7226
  33846
   3123
  34048
  -3315
   3128
  10761
      0
   3872
  33851
   5178
   8252
  34877
   7246
  37947
   7227
   1086
  43264
  -3316
   5181
   7231
  34882
  10304
  35902
  42047
  10313
  42056
   1093
   6211
  35902
   5186
   7238
   9284
  34885
   7235
   2118
  35910
   9286
   2119
   5186
  40003
  10311
   1096
   7235
   5188
   9284
  35909
   4165
   9286
  41032
   3138
   7238
  10305
  37959
   2122
   5195
  42049
  37961
   1097
  39500
  -3317
     29
   3149
   9472
  -3318
  14923
  -3319
     29
  35403
  -3320
     29
  41036
  35900
   3110
  43600
  -3321
      7
  10321
   7360
  42240
  -3322
   1106
   5224
   3082
  42240
  -3323
   7177
   1105
   5225
  43264
  -3324
   1626
      0
    516
   5722
      0
    516
   3679
      0
    516
   7681
      0
    516
   8752
      0
    516
   2644
      0
    516
   4665
      0
    516
   6667
      0
    516
  47672
      0
   1284
   1109
   2097
  37971
   5157
   3156
  43264
  -3325
   5169
   3170
  40192
  -3326
   5169
   3190
   1112
  40025
  38999
  35927
   1107
  36955
  10330
  36444
  -3327
     10
   3215
  40027
   9269
   3678
  -3328
     11
  46686
  -3329
     11
   3209
  14429
  40029
   7251
   3127
  42080
   7263
  35937
  40032
   5168
  10346
   3158
  33891
   5218
   1124
  35940
   5219
  40035
   7198
   1638
  -3330
     13
  42599
  -3331
     12
   5221
  35848
  10341
  36028
   1105
   8297
  42502
  -3332
    782
   1106
   5224
  40084
   1122
   9314
  44139
   7274
  12394
  10348
   9472
  -3333
  36096
  -3334
  10349
   9472
  -3335
   3328
  -3336
  45312
  -3337
  10352
   3182
   7285
   9472
  -3338
  45312
  -3339
  11373
  38511
  -3340
     30
  11376
  34414
  -3341
     30
  10353
   3183
   7284
  12544
  -3342
  42240
  -3343
  10354
   7283
  12403
  42240
  -3344
  11377
   1140
  38008
  11376
  38003
  11373
  41078
   5237
  41047
   1161
  38144
  -3345
  10496
  -3346
   1139
   3705
      0
     27
  42617
      0
     27
   3194
  40056
   4219
   9849
      0
     27
   8825
      0
     27
   7801
      0
     27
  44288
  -3347
   1146
  42108
   9341
  43131
  10364
   5154
  39971
   1160
  45312
  -3348
  45312
  -3349
   7299
  45187
   3328
  -3350
  45312
  -3351
   7301
  45189
  11392
   5254
  10496
  -3352
  12544
  -3353
  40574
      0
     17
   3116
  10496
  -3354
  48384
  -3355
  11394
   5255
  10496
  -3356
  12544
  -3357
  40574
      0
     17
   1155
  47235
  33925
   5246
  39982
   7262
   5239
   1949
      0
    119
  47005
      0
    119
   1675
      0
   1056
   5771
      0
   1056
   3723
      0
   1568
   7819
      0
   1056
   2704
      0
   1056
   4752
      0
   1568
   6800
      0
   1056
   8848
      0
   1056
  47760
      0
   1568
   7306
  38028
  33931
   3216
  43264
  -3358
   7260
  42240
  -3359
   7310
   8330
  36096
  -3360
   3218
   8448
  -3361
   7424
  -3362
  43264
  -3363
  14481
  40081
  10273
  42240
  -3364
   8341
   2198
  37993
   1175
   5268
  40091
   1176
   5268
  35995
  38036
  38036
   1280
  -3365
   7829
  -3366
   1824
   3734
  -3367
   1824
  38044
  33947
  15241
      0
    119
  38793
      0
    119
   1183
  10399
  38144
  -3368
   5278
   9374
  33952
   1697
      0
   2080
   2721
      0
   2080
   8865
      0
   2080
  38047
   1698
      0
   2080
   2722
      0
   2080
   8866
      0
   2080
   5280
  46769
  -3369
   2336
   1699
      0
   2080
   2723
      0
   2080
   8867
      0
   2080
   5793
      0
   2080
   4769
      0
   2080
   6817
      0
   2080
  46769
  -3370
   2336
   1700
      0
   2080
   2724
      0
   2080
   8868
      0
   2080
   5794
      0
   2080
   4770
      0
   2080
   6818
      0
   2080
  46769
  -3371
   2336
   1701
      0
   2080
  38563
      0
   2080
   1190
   2214
   8358
   5796
      0
   2080
   4772
      0
   2080
  39588
      0
   2080
   1970
      0
    173
  14258
      0
    173
   5797
      0
   2080
   4773
      0
   2080
  39589
      0
   2080
  14001
  -3372
   2336
   7857
  -3373
   2336
   1186
  38048
  14001
  -3374
   2336
   3761
  -3375
   2336
   1186
  38048
  14001
  -3376
   2336
   7857
  -3377
   2336
   1187
  38049
  14001
  -3378
   2336
   3761
  -3379
   2336
   1187
  38049
  14001
  -3380
   2336
   7857
  -3381
   2336
   1188
  38050
  14001
  -3382
   2336
   3761
  -3383
   2336
   1188
  38050
   1697
      0
   2592
   5793
      0
   2592
   3745
      0
   2592
   7841
      0
   2592
   2721
      0
   2592
   8865
      0
   2592
   4769
      0
   2592
   6817
      0
   2592
  47777
      0
   2592
   1203
  38822
      0
    173
   7348
   3253
   1976
      0
   2988
  38066
   5299
  33974
   1206
  38067
   3253
   7348
   1207
   6072
      0
    175
  47032
      0
    175
   5302
   1280
  -3384
  43264
  -3385
  15286
      0
    175
   1974
      0
    175
  38835
  -3386
   2988
  47360
  -3387
   5376
  -3388
   1979
      0
    172
  48059
      0
    172
   5309
   7271
  43710
  -3389
   3104
   1212
  36542
  -3390
   3373
   1726
      0
   3616
   2750
      0
   3616
   3774
      0
   3616
   4798
      0
   3616
   5822
      0
   3616
   6846
      0
   3616
   7869
      0
   3616
   8894
      0
   3616
  42684
      0
   3616
  33989
   3152
   1985
      0
    197
  47041
      0
    197
   6080
      0
    197
  48064
      0
    197
  10435
  42042
  10436
  42178
  10249
   9411
  36037
  10249
   9411
  38079
      0
      0
      0
      0
      0
      0
      0
      0
      0
      0
      0
      0
      0
      0
      0
      0
      0
      0
      0
      0
      0
      0
      0
      0
      0
      0
      0
      0
      0
      0
      0
      0
      0
      0
      0
      0
      0
      0
      0
      0
      0
      0
      0
      0
      0
      0
      0
      0
      0
      0
      0
      0
      0
      0
      0
      0
      0
      0
      0
      0
    284
  -2531
  -2532
  -2533
  -2534
  -2535
  -2536
      0
  -2537
  -2538
  -2539
  -2540
  -2541
  -2542
  -2543
  -2544
  -2545
      0
  -2546
  -2547
  -2549
  -2550
  -2551
  -2552
  -2553
  -2554
  -2555
  -2556
      0
      0
  -2557
  -2558
  -2559
  -2560
  -2561
  -2562
      0
  -2563
  -2564
  -2565
  -2566
  -2567
      0
  -2568
      0
  -2569
  -2570
  -2571
  -2572
  -2573
  -2574
  -2575
  -2576
  -2577
  -2578
  -2579
  -2580
  -2581
      0
  -2582
  -2583
  -2584
  -2586
      0
      0
      0
      0
      0
      0
      0
      0
      0
      0
      0
      0
      0
      0
      0
      0
      0
      0
      0
      0
      0
      0
  -2587
  -2588
  -2589
  -2590
  -2591
  -2592
  -2593
  -2594
  -2595
  -2596
  -2597
  -2598
  -2599
  -2600
      0
      0
      0
  -2603
  -2604
  -2605
      0
  -2606
      0
  -2607
  -2608
  -2609
  -2610
  -2611
  -2612
  -2613
  -2614
  -2615
  -2616
  -2617
      0
  -2618
  -2619
  -2620
  -2622
  -2623
  -2624
  -2625
      0
      0
      0
      0
      0
  -2626
  -2628
  -2629
      0
      0
  -2630
  -2632
  -2633
  -2634
  -2635
  -2636
  -2637
      0
      0
      0
      0
  -2638
  -2639
      0
      0
  -2640
  -2641
  -2642
  -2643
  -2644
  -2645
  -2646
      0
      0
      0
      0
      0
      0
      0
      0
      0
      0
      0
      0
      0
      0
      0
      0
      0
      0
      0
      0
      0
      0
      0
      0
      0
      0
      0
  -2647
      0
  -2648
      0
  -2649
      0
      0
      0
      0
  -2650
  -2651
      0
      0
      0
      0
      0
      0
      0
      0
  -2652
  -2653
  -2654
      0
  -2655
      0
      0
      0
      0
      0
      0
      0
      0
      0
      0
      0
      0
      0
      0
      0
      0
      0
      0
      0
      0
      0
      0
      0
      0
      0
      0
      0
      0
      0
      0
      0
      0
      0
      0
      0
      0
      0
      0
      0
      0
      0
      0
      0
      0
      0
      0
      0
      0
      0
      0
      0
      0
      0
      0
      0
      0
      0
      0
      0
      0
      0
      0
      0
      0
      0
      0
      0
      0
      0
  -2656
      0
      0
      0
      0
      0
      0
      0
      0
      0
      0
      0
      0
      0
      0
      0
      0
      0
      0
      0
      0
      0
  -2657
  -2658
  -2659
  -2660
  -2661
  -2662
  -2663
  -2664
  -2665
  -2666
  -2667
  -2668
  -2669
  -2670
  -2671
  -2672
  -2673
  -2674
  -2675
  -2676
  -2677
  -2678
  -2679
  -2680
  -2681
  -2682
  -2683
  -2684
  -2685
  -2686
  -2687
  -2688
  -2689
  -2690
  -2691
  -2692
  -2693
  -2694
  -2695
  -2696
  -2697
  -2698
  -2699
  -2700
  -2701
  -2702
  -2703
  -2704
  -2705
  -2706
  -2707
  -2708
  -2709
  -2710
  -2711
  -2712
  -2713
  -2714
  -2715
  -2716
  -2717
  -2718
  -2719
  -2720
  -2721
  -2722
  -2723
  -2724
  -2725
  -2726
  -2727
  -2728
  -2729
  -2730
  -2731
  -2732
  -2733
  -2734
  -2735
  -2736
  -2737
  -2738
  -2739
  -2740
  -2741
  -2742
  -2743
  -2744
  -2745
  -2746
  -2747
  -2748
  -2749
  -2750
  -2751
  -2752
  -2753
  -2754
  -2755
  -2756
  -2757
  -2758
  -2759
  -2760
  -2761
  -2762
  -2763
  -2764
  -2765
  -2766
  -2767
  -2768
  -2769
  -2770
  -2771
  -2772
  -2773
  -2774
  -2775
  -2776
  -2777
  -2778
  -2779
  -2780
  -2781
  -2782
  -2783
  -2784
  -2785
  -2786
  -2787
  -2788
  -2789
  -2790
  -2791
  -2792
  -2793
  -2794
  -2795
  -2796
  -2797
  -2798
  -2799
  -2800
  -2801
  -2802
  -2803
  -2804
  -2805
  -2806
  -2807
  -2808
  -2809
  -2810
  -2811
  -2812
  -2813
  -2814
  -2815
  -2816
  -2817
  -2818
  -2819
  -2820
  -2821
  -2822
  -2823
  -2824
  -2825
  -2826
  -2827
  -2828
  -2829
  -2830
  -2831
  -2832
  -2833
  -2834
  -2835
  -2836
  -2837
  -2838
  -2839
  -2840
  -2841
  -2842
  -2843
  -2844
  -2845
  -2846
  -2847
  -2848
  -2849
  -2850
  -2851
  -2852
  -2853
  -2854
  -2855
  -2856
  -2857
  -2858
  -2859
  -2860
  -2861
  -2862
  -2863
  -2864
  -2865
  -2866
  -2867
      0
      0
      0
      0
      0
      0
      0
      0
      0
      0
      0
      0
      0
      0
      0
      0
      0
      0
      0
      0
      0
      0
      0
      0
      0
      0
      0
      0
      0
      0
      0
      0
      0
      0
      0
      0
      0
      0
  -2868
  -2869
  -2870
  -2871
  -2872
  -2873
  -2874
  -2875
  -2876
  -2877
  -2878
  -2879
  -2880
  -2881
  -2882
  -2883
  -2884
  -2885
  -2886
  -2887
  -2888
  -2889
  -2890
  -2891
  -2892
  -2893
  -2894
  -2895
  -2896
  -2897
  -2898
  -2899
  -2900
  -2901
  -2902
      0
      0
      0
      0
      0
      0
      0
      0
      0
      0
      0
      0
      0
      0
      0
      0
  -2903
      0
      0
      0
      0
      0
      0
      0
      0
  -2904
      0
  -2905
  -2906
  -2907
  -2908
      0
      0
      0
      0
      0
      0
  -2910
      0
  -2909
      0
      0
      0
      0
      0
      0
  -2911
  -2912
      0
  -2913
      0
      0
      0
      0
      0
      0
      0
      0
      0
      0
  -2914
  -2915
  -2916
  -2917
  -2918
      0
      0
      0
      0
      0
      0
      0
      0
      0
      0
  -2919
      0
      0
      0
      0
      0
      0
      0
      0
      0
      0
      0
      0
      0
      0
      0
      0
      0
      0
      0
      0
      0
      0
      0
      0
  -2921
      0
      0
      0
      0
      0
      0
  -2922
      0
      0
      0
      0
      0
      0
      0
      0
      0
      0
      0
  -2923
      0
      0
      0
  -2924
      0
      0
      0
      0
      0
      0
      0
      0
      0
      0
      0
      0
  -2925
  -2927
      0
      0
      0
      0
      0
      0
      0
      0
      0
      0
      0
      0
      0
      0
      0
      0
      0
      0
      0
      0
      0
      0
      0
      0
      0
  -2930
  -2931
      0
      0
      0
  -2932
  -2933
      0
      0
  -2939
  -2943
      0
      0
      0
      0
      0
      0
      0
      0
      0
      0
      0
      0
      0
      0
      0
      0
      0
      0
      0
      0
      0
      0
      0
      0
      0
      0
      0
      0
      0
  -2949
      0
      0
      0
      0
      0
      0
  -2950
      0
      0
      0
      0
      0
      0
      0
      0
      0
      0
  -2951
  -2952
      0
  -2953
      0
      0
      0
      0
      0
      0
      0
      0
      0
      0
      0
      0
      0
      0
      0
      0
      0
      0
      0
      0
      0
      0
      0
      0
      0
      0
      0
      0
      0
      0
      0
      0
      0
      0
      0
      0
      0
      0
      0
      0
      0
      0
      0
      0
      0
      0
      0
      0
      0
      0
      0
      0
      0
      0
      0
      0
      0
      0
      0
      0
      0
      0
      0
      0
      0
      0
      0
      0
      0
      0
      0
      0
      0
      0
      0
      0
      0
      0
      0
      0
      0
      0
      0
      0
      0
      0
      0
      0
      0
      0
      0
      0
      0
      0
      1
      0
      0
    100
      0
      2
      3
    101
      4
      0
      5
      6
      0
      7
    102
    103
     63
      8
      0
      0
    104
      0
      0
      0
      9
      9
    105
      0
      0
     64
     68
     10
     10
      0
     64
      0
      0
      0
     11
      0
      0
      0
      0
    106
    107
      0
      0
    108
      0
      0
     12
      0
      0
      0
    109
     13
     14
    110
      0
    111
     15
     16
     17
     18
     18
     18
     19
      0
      0
    112
      0
      0
      0
      0
     20
     21
     21
     21
     21
    113
      0
      0
      0
     22
     23
      0
     24
      0
    114
     61
      0
      0
      0
     65
    115
     25
     25
     25
      0
      0
      0
     26
      0
      0
      0
    123
     27
     28
      0
      0
      0
      0
      0
      0
      0
    130
    116
     29
      0
      0
      0
      0
    117
    118
    118
    118
      0
      0
    119
      0
      0
      0
      0
    120
    121
    122
    122
    122
     30
      0
      0
      0
      0
     37
     32
      0
      0
     33
     34
      0
     35
      0
      0
     36
     36
    125
    125
    125
    125
    126
    126
      0
      0
     41
      0
      0
     42
     43
     44
     45
     46
     47
     48
     49
      0
      0
      0
      0
    129
      0
      0
      0
      0
     52
      0
      0
     62
     66
     67
     69
      0
     53
     53
     70
     71
      0
     72
     72
     73
     73
      0
     74
     75
     76
     77
     75
     57
      0
      0
      0
      0
      0
      0
      0
      0
      0
      0
      0
      0
      0
      0
      0
      0
      0
      0
      0
      0
      0
      0
      0
      0
      0
      0
      0
      0
      0
      0
      0
      0
      0
      0
      0
      0
      0
      0
      0
      0
    124
      0
      0
      0
      0
      0
     38
     31
      0
      0
      0
     53
      0
     54
     55
     56
     39
      0
     40
     40
     40
     40
    101
    127
      0
     50
     51
      0
    128
    131
     58
     59
     60
      0
      0
      0
      0
      0
      0
      0
      0
      0
      0
      0
      0
      0
      0
      0
      0
      0
  41104
  41984
  41984
  40960
  40976
  40960
  32896
  40960
  34944
  43136
  41216
  40960
  40960
  40960
  41024
  40960
  33280
  40976
  32800
  32768
  32768
  40960
  40964
  40960
  40960
  40960
  40960
  32800
  32800
  32800
  40960
  40960
  41088
  41037
  34944
  32768
  40960
  40960
   8320
  40960
  49152
  32800
  41088
  49152
   8192
  40960
  57360
  41033
  57360
  57360
  57344
  57360
  32896
  57472
  40964
  40964
  40964
  32800
  41088
  40976
  32800
  32768
  37376
  37378
  37376
   4608
  53760
  37376
  37376
  33282
  32768
  32768
  33280
  33280
  33280
  37376
  33280
    512
  33280
  33280
  33280
  33280
  33280
  33280
   8192
   8192
  40976
  40976
  40964
  40976
  57360
  40960
  32784
  41088
  40960
  40964
  40960
  32768
  32896
  32768
  32768
  32768
  32768
  57344
  32896
  57360
  32768
  40960
  40976
  40976
  32800
  57360
  40960
  57488
  57488
  57488
  57488
  57360
  53760
  32768
  40960
  57360
  34816
  40960
  32768
  32768
  33280
  33280
  33280
  49664
  49664
  43008
  32800
   8192
  32768
  32768
  32768
  41984
  58368
  58368
  58368
  32800
  57360
  33280
  33280
  33280
  33280
  57360
  57360
  49152
  32768
  32800
  40976
  41088
  41088
  40960
  40960
  40960
  33280
  33280
  33280
  33280
  33280
  37376
  33280
  33280
  33280
  33280
  33280
  33280
  33280
   4608
  37376
  37376
  37376
  33280
  33282
  33280
  33280
  33280
  33280
  33280
  33280
  33280
  33280
  57360
  33280
  57344
  33280
  32768
  33280
  32768
  33280
  33280
  57488
  57360
  36992
  32896
  33280
  33296
  33296
  33280
  33280
  33280
  41478
  40960
  57344
  33280
  40960
  33280
  33280
      0
      0
      0
      0
      0
      0
      0
      0
      0
      0
      0
      0
      0
      0
      0
      0
      0
      0
      0
      0
      0
      0
      0
      0
      0
      0
      0
      0
      0
      0
      0
      0
      0
      0
      0
      0
      0
      0
  33280
  32768
  41472
  41472
  41472
  33280
  33280
  33280
  32768
  33284
  33284
  33280
  32768
  33280
  32768
  32768
  33280
  33280
  33280
  33280
  33280
  33280
  33280
  34816
  32800
  32768
  32768
  32768
  32768
  32800
  32768
  33280
  32768
  32768
  32768
      0
      0
      0
      0
      0
      0
      0
      0
      0
      0
      0
      0
      0
      0
      0
      0
      0
      0
      0
     32
      0
      0
      0
      0
      0
      0
      0
  12288
    512
    512
      0
      0
     32
      0
    128
    512
     32
      0
      0
    512
      0
   8192
      0
     32
     32
      0
      0
      0
   8192
      0
      8
      0
      0
      0
      0
      0
   8192
      0
      0
   8192
      0
      0
      0
      0
      0
      0
      0
      0
      0
      0
      0
      0
      0
    128
      0
      0
    128
    512
      0
      0
      0
      0
      0
      0
      0
      0
      0
      0
     32
      0
      0
      0
      0
      0
      0
      0
      0
      0
     32
      0
      0
      0
      0
      0
      0
     10
      0
  32768
     10
  32768
      0
      0
  16384
     10
      1
      0
   4096
      0
      0
      0
      0
      0
      8
      0
      9
      0
      0
      0
      0
      0
      0
      0
      0
      0
      0
   8224
      0
      0
      0
      0
      0
   8224
      0
      0
      0
  32768
  32768
      0
      0
      0
      0
      0
     10
      0
      0
      0
      0
  41984
      0
   2048
   2048
   2048
   2048
      0
      0
      0
      0
    128
      8
      0
      8
      0
      0
      0
      0
      0
      0
      0
      0
      0
      0
      0
      0
      0
      0
      0
      8
      0
      0
      0
      0
      0
      0
      0
      0
      0
      0
      0
      0
      0
      0
   8192
      8
      0
      0
     32
      0
  16384
      0
      0
      8
      0
      0
      0
      0
      0
      0
      8
      8
      0
      0
      0
      0
      0
      0
      0
   2048
      0
      0
      0
      0
      0
      0
      0
      0
      0
      0
      0
      0
      0
      0
      0
      0
      0
      0
      0
      0
      0
      0
      0
      0
      0
      0
      0
      0
      0
      0
      0
      0
      0
      0
      0
      0
      0
      0
      0
    128
     16
     16
     16
      0
      0
      0
      0
      0
      0
      0
      0
      0
  16384
      0
      0
      0
      0
      0
      0
      0
      0
      0
    128
      0
      0
      0
      0
   1024
      0
      0
   2064
      0
      0
      0
      0
      0
      0
      0
      0
      0
      0
      0
      0
      0
      0
      0
      0
      0
      0
      0
      0
      0
      0
      0
      5
      0
     10
      0
      0
      0
      0
      0
      0
      0
      0
      0
      0
      0
      0
      0
      0
      0
      0
     10
     12
      9
      0
      0
      0
     15
      4
      3
     14
      0
      0
      5
      0
      0
     10
      0
      0
      2
      0
     15
      0
      0
      0
      0
      0
      0
      0
      0
      0
      0
      0
      0
      0
     10
      4
      0
      0
      0
      0
      0
      0
      0
      0
      0
      0
      0
      0
      0
      0
      0
      0
      0
      0
      0
      0
      0
      0
      0
      0
     10
     10
      0
      0
      0
      0
      0
      0
      0
      0
      5
      0
      0
      0
      0
      0
      0
      0
      0
     10
      0
      0
      0
     15
      0
      0
      0
      0
      0
      0
      0
      0
      0
      4
      0
      0
      0
      0
      0
      0
      0
      6
      0
      0
      0
      0
      0
      0
      0
      5
      0
      0
      0
      0
      0
      0
      0
      0
      0
      0
      0
      0
      0
     10
     10
      0
      0
      0
      0
      5
      0
      1
      6
      0
      0
      0
      0
      0
      0
      0
      0
      0
      0
      0
      0
      0
      0
      0
      0
      0
      0
      0
      0
      0
      0
      0
      0
      0
      0
      0
      0
      0
      0
     15
      0
      0
      0
      0
      0
      0
      0
      0
      0
      0
      0
      0
      0
      0
      0
      0
      0
     10
      0
      0
     10
      0
      0
      0
      0
      0
      0
      0
      0
      0
      0
      0
      0
      0
      0
      0
      0
      0
      0
      0
      0
      0
      0
      0
      0
      0
      0
      0
      0
      0
      0
      0
      0
      0
      0
      0
      0
      0
      0
      0
      0
      0
      0
      0
      0
      0
      0
      0
      0
      0
      0
      0
      0
      0
      0
      0
      0
      0
      0
      0
      0
      0
      0
      0
      0
      0
      0
      0
      0
      0
      0
      0
      0
      0
      0
      0
      0
      0
      0
      0
      0
      0
      0
      0
      0
      0
      0
      0
      0
      0
      0
      0
      0
      0
      0
      0
      0
      5
      0
      6
      0
      0
      0
      0
      0
      0
      0
      0
      0
      0
      0
      0
      0
      0
      0
      0
      5
     10
      5
      0
      0
      0
      8
     11
      7
      6
      0
      0
      3
      0
      0
     10
      0
      0
      5
      0
      8
      0
      0
      0
      0
      0
      0
      0
      0
      0
      0
      0
      0
      0
     10
      7
      0
      0
      0
      0
      0
      0
      0
      0
      0
      0
      0
      0
      0
      0
      0
      0
      0
      0
      0
      0
      0
      0
      0
      0
     10
     13
      0
      0
      0
      0
      0
      0
      0
      0
     10
      0
      0
      0
      0
      0
      0
      0
      0
     12
      0
      0
      0
     10
      0
      0
      0
      0
      0
      0
      0
      0
      0
     10
      0
      0
      0
      0
      0
      0
      0
      6
      0
      0
      0
      0
      0
      0
      0
      5
      0
      0
      0
      0
      0
      0
      0
      0
      0
      0
      0
      0
      0
     15
      5
      0
      0
      0
      0
      5
      0
      1
      2
      0
      0
      0
      0
      0
      0
      0
      0
      0
      0
      0
      0
      0
      0
      0
      0
      0
      0
      0
      0
      0
      0
      0
      0
      0
      0
      0
      0
      0
      0
     10
      0
      0
      0
      0
      0
      0
      0
      1
      0
      0
      0
      0
      0
      0
      0
      0
      0
      5
      0
      0
      5
      0
      0
      0
      0
      0
      0
      0
      0
      0
      0
      0
      0
      0
      0
      0
      0
      0
      0
      0
      0
      0
      0
      0
      0
      0
      0
      0
      0
      0
      0
      0
      0
      0
      0
      0
      0
      0
      0
      0
      0
      0
      0
      0
      0
      0
      0
      0
      0
      0
      0
      0
      0
      0
      0
      0
      0
      0
      0
      0
      0
      0
      0
      0
      0
      0
      0
      0
      0
      0
      0
      0
      0
      0
      0
      0
      0
      0
      0
      0
      0
      0
      0
      0
      0
      0
      0
      0
      0
      0
      0
      0
      3
      5
      5
     10
     20
     10
  10000
      5
  10000
      5
      4
     10
      5
     30
     15
      5
  10000
     25
  10000
     25
  10000
     20
     10
     20
     15
     20
     10
  10000
  10000
  10000
      5
     20
     55
     20
  10000
  10000
     10
     50
     40
     10
      5
  10000
     10
      5
     35
      5
     10
     10
      5
      2
      2
      2
  10000
     10
      6
     10
      5
  10000
     10
     15
  10000
     10
      5
      5
      5
      5
      5
      5
      5
      5
      5
      5
      5
      5
      5
      5
      5
      5
      5
      5
      5
      5
      5
      5
     15
      8
     20
     20
      5
     20
      2
      3
     70
     10
      5
     15
     20
     70
  10000
  10000
  10000
  10000
  10000
     10
  10000
      1
  10000
     10
      9
      1
  10000
      1
     40
     10
     10
     10
     10
      1
      5
      5
     15
     70
  10000
     60
      0
     10
      5
      5
      5
      5
      5
     10
      0
      8
  10000
  10000
    100
     10
      4
      4
      4
      0
      3
      5
      5
      5
      5
     10
     25
      5
      5
      5
     20
      6
      6
      5
      5
      5
      5
      5
      5
      5
      5
      5
      5
      5
      5
      5
      5
      5
      5
      5
      5
      5
      5
      5
      5
      5
      5
      5
      5
      5
      5
      5
      5
      4
      5
      4
      5
      5
      5
      5
      5
      5
     30
      1
      5
      5
      5
      5
      5
      5
      5
      5
      5
      5
     12
      5
      5
      5
      5
      0
      0
      0
      0
      0
      0
      0
      0
      0
      0
      0
      0
      0
      0
      0
      0
      0
      0
      0
      0
      0
      0
      0
      0
      0
      0
      0
      0
      0
      0
      0
      0
      0
      0
      0
      0
      0
      0
      0
      0
      0
      0
      0
      0
      0
      0
      0
      0
      0
      0
      0
      0
      0
      0
      0
      0
      0
      0
      0
      0
      0
      0
      0
      0
      0
      0
      0
      0
      0
      0
      0
      0
      0
      0
      0
      0
      0
      0
      0
      0
      0
      0
      0
      0
      0
      0
      0
      0
      0
     15
      0
      0
      0
      0
      0
     50
      0
  10000
      4
      0
      0
      0
      0
      0
      0
      0
      0
      2
      0
      0
      0
      0
      0
      0
      0
      0
      0
      0
      0
      0
      0
     35
      0
     50
      0
      0
      0
     20
      0
      0
      0
      5
      0
      0
      0
      0
      0
      0
      0
      0
      0
     10
      7
      0
      0
      0
  10000
      5
      0
      5
      0
      0
      0
      0
      0
      0
      0
      0
      0
      0
      0
      0
      0
      0
      0
      0
      0
      0
      0
      0
      0
      0
      0
      0
      0
      0
      0
      0
    100
      0
      0
    100
     20
      0
      0
      0
    100
      6
      0
      0
      0
      0
      0
     15
      0
     10
      0
      2
      0
      0
      0
      0
      2
      2
      2
      2
      0
      0
      0
      0
      0
  10000
      0
      0
      0
      0
      0
      0
      0
      0
      5
      0
      0
      0
      0
    100
      0
      0
      0
      0
      0
      0
      0
      0
      0
      0
      0
      0
      0
      0
      0
     20
      6
      6
      0
      0
      0
      0
      0
      0
      0
      0
      0
      0
      0
      0
      0
      0
      0
   1000
      0
      0
      0
      0
      0
      0
      0
      0
      0
      0
      0
      0
      0
      0
      0
      4
      0
      0
      0
      0
      0
      0
      0
      1
      0
      0
      0
      0
      0
      0
     12
     12
      0
      0
      0
      0
      0
      0
      0
      0
      0
      0
      0
      0
      0
      0
      0
      0
      0
      0
      0
      0
      0
      0
      0
      0
      0
      0
      0
      0
      0
      0
      0
      0
      0
      0
      0
      0
      0
      0
      0
      0
      0
      0
      0
      0
      0
      0
      0
      0
      0
      0
      0
      0
      0
      0
      0
      0
      0
      0
      0
      0
      0
      0
      0
      0
      0
      0
      0
      0
      0
      0
      0
      0
      0
      0
      0
      0
      0
      0
      0
      0
      0
      0
      0
      0
      0
      0
      0
      0
      0
      0
      0
      0
      0
      0
      0
      0
      0
      6
      0
      0
      0
     74
     78
     77
      0
      8
      6
      0
      7
      7
      8
      8
      0
      8
     36
     10
      0
     16
     16
     16
     16
     16
     49
     92
     50
     51
     45
     46
     47
     44
     80
     61
     76
     64
     75
     83
      0
     90
     93
     95
     96
     40
     96
     97
     97
     99
      8
     99
      0
      2
    100
      0
    100
    100
    101
    103
    105
    190
      0
      5
     98
      0
      8
      8
      2
     91
     77
      0
     93
     94
     98
     79
     93
     98
    100
    100
    100
    100
    100
     78
    120
    122
    116
    106
      0
     41
      0
      0
    106
    120
    112
      0
    118
    118
    126
      0
      0
      0
    131
    133
    131
    135
      0
    135
      0
      7
     42
      0
      0
      0
    134
    134
    134
    134
      0
    137
    137
    137
    137
      0
      0
    141
    140
    139
    139
    139
    143
    142
    146
    146
    146
    144
    145
    143
    144
    144
    144
    144
    138
    138
    147
     33
    123
    110
    154
    156
    155
    155
      0
    147
      0
      0
      0
      0
      0
    177
    177
    177
    177
    177
    177
    177
    177
    177
    177
    177
    159
    160
    179
    166
    185
    182
    183
    183
    183
    183
    183
    183
    183
    183
    183
    183
    188
  26000
  18500
  26000
      0
    146
    116
    100
     98
      0
      0
    193
    193
    193
    192
    193
    192
    193
    193
      0
    193
      2
    191
    191
      3
      6
      0
      0
      0
      0
      0
      0
      0
      0
      0
      0
      0
      0
      0
      0
      0
      0
      0
      0
      0
      0
      0
      0
      0
      0
      0
      0
      0
      0
      0
      0
      0
      0
      0
      0
      0
      0
      0
      0
      0
      0
      0
      0
      0
      0
      0
      0
      0
      0
      0
      0
      0
      0
      0
      0
      0
      0
      0
      0
      0
      0
      0
      0
      0
      0
      0
      0
      0
    178
      0
      0
      0
      0
      0
      0
      0
      0
      0
      0
      0
      0
      0
      0
      0
      0
      0
      0
      0
      0
      0
      0
      0
      0
      0
      0
      0
      0
      0
      0
      0
      0
      0
      0
      0
      0
      0
      0
      0
      0
      0
      0
      0
      0
      0
      0
      0
      0
      0
      0
      0
      0
      0
      0
      0
      0
      0
      0
      0
      0
      0
      0
      0
      0
      0
      0
      0
      0
      0
      0
      0
      0
      0
      0
      0
      0
      0
      0
      0
      0
      0
      0
      0
      0
      0
      0
      0
      0
      0
      0
      0
      0
      0
      0
      0
      0
      0
      0
      0
      0
      0
      0
      0
      0
      0
      0
      0
      0
      0
      0
      0
      0
      0
      0
      0
      0
      0
      0
      0
      0
      0
      0
      0
      0
      0
      0
      0
      0
      0
      0
      0
      0
      0
      0
      0
      0
      0
      0
      0
      0
      0
      0
      0
      0
      0
      0
      0
      0
      0
      0
      0
      0
      0
      0
      0
      0
      0
      0
      0
      0
      0
      0
      0
      0
      0
      0
      0
      0
      0
      0
      0
      0
      0
      0
      0
      0
      0
      0
      0
      0
      0
      0
      0
      0
      0
      0
      0
      0
      0
      0
      0
      0
      0
      0
      0
      0
      0
      0
      0
      0
      0
      0
      0
      0
      0
      0
      0
      0
      0
      0
      0
      0
      0
      0
      0
      0
      0
      0
      0
      0
      0
      0
      0
      0
      0
      0
      0
      0
      0
      0
      0
      0
      0
      0
      0
      0
      0
      0
      0
      0
      0
      0
      0
      0
      0
      0
      0
      0
      0
      0
      0
      0
      0
      0
      0
      0
      0
      0
      0
      0
      0
      0
      0
      0
      0
      0
      0
      0
      0
      0
      0
      0
      0
      0
      0
      0
      0
      0
      0
      0
      0
      0
      0
      0
      0
      0
      0
      0
      0
      0
      0
      0
      0
      0
      0
      0
      0
      0
      0
      0
      0
      0
      0
      0
      0
      0
      0
      0
      0
      0
      0
      0
      0
      0
      0
      0
      0
      0
      0
      0
      0
      0
      1
      1
      0
      0
      0
      0
      0
      0
      0
     10
      0
      0
      0
      0
      0
      0
      0
      0
     19
      0
      0
      0
      0
      0
      0
      0
      0
      0
      0
      0
      0
      0
      0
      0
      0
      0
      0
      0
     39
      0
      0
      0
      0
      0
      0
      0
      0
      0
      0
      0
     53
      0
      0
     54
      0
      0
      0
      0
      0
      0
     61
      0
      0
      0
      0
      0
      0
      0
      0
      0
      0
      0
      0
      0
      0
      0
      0
      0
      0
      0
      0
      0
      0
      0
      0
      0
      0
      0
      0
     90
      0
      0
      0
     94
      0
      0
      0
     98
     98
     98
      0
      0
      0
      0
    105
      0
    105
      0
      0
      0
      0
      0
      0
      0
      0
      0
    116
      0
      0
      0
      0
      0
      0
      0
      0
      0
      0
      0
      0
      0
      0
      0
      0
      0
      0
      0
      0
      0
      0
      0
      0
      0
      0
      0
      0
      0
      0
      0
      0
      0
      0
      0
    153
      0
      0
    154
    155
      0
      0
      0
      0
      0
      0
      0
      0
      0
      0
      0
      0
      0
      0
      0
      0
      0
      0
      0
      0
      0
      0
      0
      0
      0
      0
      0
      0
      0
      0
      0
      0
      0
      0
      0
      0
      0
    195
      0
      0
      0
      0
      0
      0
      0
      0
    203
      0
      0
      0
      0
      0
      0
      0
      0
      0
      0
      0
      0
      0
      0
      0
      0
      0
      0
      0
      0
      0
      0
      0
      0
      0
      0
      0
      0
      0
      0
      0
      0
      0
      0
      0
      0
      0
      0
      0
      0
      0
      0
      0
      0
      0
      0
      0
      0
      0
      0
      0
      0
      0
      0
      0
      0
      0
      0
      0
      0
      0
      0
      0
      0
      0
      0
      0
      0
      0
      0
      0
      0
      0
      0
      0
      0
      0
      0
      0
      0
      0
      0
      0
      0
      0
      0
      0
      0
      0
      0
      0
      0
      0
      0
      0
      0
      0
      0
      0
      0
      0
      0
      0
      0
      0
      0
      0
      0
      0
      0
      0
      0
      0
      0
      0
      0
      0
      0
      0
      0
      0
      0
      0
      0
      0
      0
      0
      0
      0
      0
      0
      0
      0
      0
      0
  -2954
      0
      0
  -2960
      0
      0
  -2967
      0
  -2976
  -3002
  -3020
  -3037
      0
  -3060
      0
      0
      0
      0
      0
      0
      0
      0
      0
      0
      0
      0
  -3062
      0
      0
      0
      0
      0
      0
      0
      0
      0
      0
      0
      0
      0
      0
      0
      0
      0
      0
      0
      0
      0
      0
      0
  -3063
      0
      0
      0
      0
      0
      0
      0
      0
      0
      0
      0
      0
  -3083
      0
  -3105
      0
      0
      0
      0
      0
  -3110
      0
  -3125
  -3126
  -3127
  -3128
  -3129
  -3148
      0
      0
  -3150
      0
      0
      0
      0
      0
      0
      0
  -3154
  -3160
      0
      0
      0
      0
      0
      0
      0
      0
      0
      0
      0
  -3166
      0
      0
      0
      0
  -3184
  -3202
  -3226
      0
      0
      0
      0
      0
      0
      0
      0
      0
      0
      0
      0
      0
      0
      0
      0
      0
      0
      0
      0
      0
      0
      0
      0
      0
      0
      0
      0
      0
      0
      0
      0
      0
      0
      0
  -3230
      0
  -3243
      0
      0
      0
      0
      0
      0
      0
  -3262
      0
      0
      0
      0
      0
      0
      0
      0
      0
      0
  -3286
      0
      0
      0
      0
      0
      0
      0
      0
      0
      0
      0
      0
      0
      0
      0
      0
      0
      0
      0
      0
      0
      0
      0
      0
      0
      0
      0
      0
      0
      0
      0
      0
      0
      0
      0
      0
      0
      0
      0
      0
      0
      0
      0
      0
      0
      0
      0
      0
      0
      0
      0
      0
      0
      0
      0
      0
      0
      0
      0
      0
      0
      0
      0
      0
      0
      0
      0
      0
      0
      0
      0
      0
      0
      0
      0
      0
      0
      0
      0
      0
      0
      0
      0
      0
      0
      0
      0
      0
      0
      0
      0
      0
      0
     19
     63
     65
     66
     84
    119
    146
    146
    147
    172
    172
    172
    173
    174
    175
    189
    197
    198
    210
    211
      0
      6
     25
      9
    122
    157
    124
    125
    111
    184
    186
    187
    181
    186
    184
    189
    192
    192
      4
    104
      0
     30
      0
      0
    350
      0
      0
      0
      0
      0
      0
      0
      0
      0
      0
      0
      0
     -1
      0
      5
     12
      0
      0
      0
      0
      0
      0
      0
      0
      0
      0
      0
      1
      2
      3
      4
      5
      6
      7
      8
      9
     10
     11
     12
     13
     14
     15
     16
     17
     18
     19
     20
     21
     22
     23
     24
     25
     26
     27
     28
     29
     30
  F
  T
  F
  T
  T
  T
  T
  T
  T
  T
  T
  T
  T
  T
  F
  F
  T
  F
  F
  T
  F
  T
  T
  F
  F
  F
  F
  F
  F
  F
  F
  F
  F
  F
  F
  F
  T
  T
  T
  T
  F
  F
  F
  F
  F
  F
  F
  F
  F
  F
  F
  F
  F
  F
  F
  T
  T
  T
  T
  T
      3
     19
     61
     58
      0
      0
      0
      0
      0
      0
      0
      0
      0
     14
     13
      0
      0
      4
      5
      3
      0
      3
      2
    138
    178
      0
      0
      0
      0
      0
      0
      0
      0
      0
    251
    142
    279
      0
      0
      2
      3
      0
      0
      3
      3
      0
      0
      0
      0
      0
   1084
   1221
     -1
     -2
     -3
    -18
   -185
   -218
   -219
   -223
   -228
   -233
   -234
   -236
   -237
   -238
   -242
   -245
   -248
   -249
   -250
   -251
   -252
   -255
   -256
   -258
   -259
   -260
   -261
   -263
   -264
   -265
   -266
   -267
   -270
   -272
   -275
   -277
   -278
   -281
   -282
   -284
   -285
   -286
   -289
   -290
   -291
   -298
   -299
   -300
   -301
   -303
   -305
   -308
   -310
   -311
   -317
   -319
   -320
   -321
   -324
   -331
   -333
   -336
   -337
   -341
   -347
   -349
   -352
   -355
   -358
   -360
   -361
   -362
   -363
   -364
   -365
   -366
   -367
   -368
   -369
   -370
   -371
   -372
   -374
   -376
   -377
   -380
   -381
   -382
   -383
   -384
   -385
   -386
   -387
   -388
   -389
   -390
   -392
   -393
   -394
   -398
   -401
   -402
   -403
   -404
   -406
   -409
   -410
   -412
   -413
   -414
   -415
   -416
   -417
   -420
   -421
   -424
   -426
   -428
   -432
   -440
   -442
   -443
   -445
   -446
   -447
   -448
   -449
   -450
   -452
   -453
   -454
   -455
   -456
   -457
   -458
   -459
   -460
   -461
   -462
   -463
   -464
   -465
   -466
   -468
   -469
   -471
   -473
   -474
   -475
   -477
   -479
   -480
   -481
   -482
   -483
   -484
   -485
   -486
   -487
   -489
   -491
   -495
   -499
   -500
   -501
   -502
   -503
   -505
   -506
   -510
   -512
   -513
   -514
   -515
   -516
   -517
   -518
   -519
   -520
   -521
   -522
   -523
   -525
   -526
   -527
   -528
   -529
   -530
   -532
   -535
   -537
   -538
   -539
   -540
   -541
   -542
   -543
   -545
   -546
   -547
   -549
   -550
   -551
   -552
   -554
   -556
   -557
   -558
   -559
   -560
   -561
   -562
   -563
   -564
   -565
   -566
   -567
   -568
   -570
   -571
   -572
   -573
   -574
   -575
   -576
   -577
   -580
   -581
   -582
   -584
   -585
   -586
   -587
   -590
   -591
   -592
   -593
   -594
   -595
   -596
   -597
   -598
   -599
   -600
   -601
   -602
   -604
   -607
   -608
   -609
   -610
   -611
   -612
   -613
   -614
   -615
   -616
   -621
   -623
   -624
   -627
   -630
   -632
   -635
   -639
   -640
   -641
   -642
   -643
   -644
   -645
   -646
   -648
   -649
   -651
   -652
   -653
   -654
   -655
   -656
   -657
   -660
   -661
   -662
   -665
   -667
   -668
   -669
   -674
   -676
   -677
   -678
   -680
   -681
   -684
   -686
   -687
   -688
   -689
   -690
   -691
   -692
   -694
   -695
   -697
   -698
   -699
   -700
   -701
   -702
   -703
   -704
   -705
   -706
   -707
   -708
   -709
   -710
   -711
   -712
   -713
   -714
   -715
   -716
   -717
   -718
   -719
   -720
   -721
   -722
   -723
   -724
   -725
   -726
   -727
   -731
   -732
   -734
   -735
   -736
   -737
   -738
   -739
   -740
   -741
   -742
   -743
   -744
   -745
   -746
   -747
   -748
   -749
   -750
   -751
   -752
   -753
   -754
   -755
   -756
   -757
   -758
   -759
   -761
   -762
   -765
   -766
   -767
   -768
   -769
   -770
   -771
   -772
   -773
   -774
   -775
   -776
   -777
   -778
   -779
   -780
   -781
   -782
   -783
   -784
   -785
   -786
   -787
   -788
   -789
   -790
   -791
   -792
   -793
   -794
   -795
   -796
   -797
   -798
   -799
   -800
   -801
   -802
   -803
   -804
   -805
   -806
   -807
   -808
   -809
   -810
   -811
   -812
   -813
   -814
   -815
   -816
   -817
   -818
   -819
   -820
   -821
   -822
   -823
   -824
   -826
   -827
   -828
   -829
   -830
   -831
   -832
   -833
   -835
   -837
   -839
   -841
   -842
   -843
   -844
   -845
   -846
   -847
   -850
   -851
   -852
   -853
   -854
   -855
   -856
   -857
   -858
   -859
   -860
   -861
   -862
   -863
   -864
   -866
   -867
   -868
   -869
   -870
   -871
   -872
   -873
   -874
   -875
   -876
   -877
   -878
   -879
   -880
   -881
   -882
   -883
   -884
   -885
   -886
   -887
   -888
   -889
   -890
   -891
   -892
   -893
   -894
   -895
   -896
   -897
   -898
   -899
   -900
   -901
   -902
   -903
   -904
   -905
   -907
   -909
   -910
   -912
   -913
   -915
   -917
   -919
   -920
   -923
   -924
   -926
   -927
   -929
   -930
   -931
   -932
   -934
   -935
   -936
   -937
   -938
   -939
   -940
   -941
   -942
   -943
   -944
   -945
   -946
   -947
   -948
   -949
   -950
   -951
   -952
   -953
   -954
   -956
   -957
   -958
   -960
   -961
   -962
   -963
   -964
   -966
   -967
   -968
   -969
   -970
   -971
   -972
   -973
   -974
   -975
   -976
   -977
   -978
   -979
   -980
   -981
   -982
   -983
   -984
   -985
   -986
   -987
   -988
   -989
   -990
   -991
   -992
   -994
   -997
   -998
   -999
  -1000
  -1001
  -1003
  -1004
  -1005
  -1006
  -1007
  -1008
  -1011
  -1014
  -1016
  -1018
  -1022
  -1024
  -1026
  -1028
  -1030
  -1031
  -1032
  -1033
  -1034
  -1036
  -1037
  -1038
  -1039
  -1040
  -1041
  -1042
  -1043
  -1044
  -1045
  -1047
  -1051
  -1054
  -1056
  -1057
  -1058
  -1059
  -1060
  -1061
  -1062
  -1063
  -1064
  -1065
  -1066
  -1067
  -1068
  -1069
  -1070
  -1071
  -1074
  -1076
  -1078
  -1079
  -1080
  -1081
  -1082
  -1083
  -1084
  -1085
  -1086
  -1090
  -1096
  -1099
  -1100
  -1101
  -1104
  -1108
  -1110
  -1111
  -1112
  -1113
  -1119
  -1120
  -1121
  -1122
  -1123
  -1125
  -1126
  -1127
  -1129
  -1130
  -1131
  -1132
  -1133
  -1135
  -1136
  -1137
  -1138
  -1139
  -1140
  -1141
  -1142
  -1143
  -1144
  -1145
  -1146
  -1147
  -1148
  -1149
  -1150
  -1151
  -1152
  -1153
  -1154
  -1155
  -1159
  -1164
  -1169
  -1170
  -1172
  -1173
  -1174
  -1196
  -1198
  -1200
  -1203
  -1205
  -1207
  -1212
  -1213
  -1214
  -1215
  -1216
  -1217
  -1218
  -1219
  -1220
  -1223
  -1227
  -1232
  -1235
  -1237
  -1239
  -1240
  -1242
  -1247
  -1258
  -1259
  -1260
  -1261
  -1262
  -1263
  -1264
  -1265
  -1266
  -1269
  -1271
  -1272
  -1275
  -1279
  -1289
  -1300
  -1301
  -1302
  -1303
  -1304
  -1305
  -1306
  -1307
  -1308
  -1309
  -1310
  -1312
  -1313
  -1314
  -1315
  -1317
  -1321
  -1323
  -1326
  -1327
  -1331
  -1332
  -1333
  -1334
  -1335
  -1336
  -1337
  -1338
  -1339
  -1340
  -1341
  -1342
  -1343
  -1344
  -1345
  -1346
  -1347
  -1348
  -1349
  -1351
  -1352
  -1367
  -1368
  -1370
  -1371
  -1373
  -1374
  -1375
  -1376
  -1377
  -1378
  -1379
  -1380
  -1381
  -1382
  -1383
  -1384
  -1385
  -1386
  -1387
  -1388
  -1389
  -1390
  -1391
  -1392
  -1402
  -1403
  -1404
  -1405
  -1406
  -1407
  -1408
  -1409
  -1410
  -1411
  -1412
  -1413
  -1414
  -1415
  -1416
  -1417
  -1418
  -1419
  -1420
  -1421
  -1422
  -1423
  -1424
  -1425
  -1426
  -1427
  -1428
  -1429
  -1430
  -1432
  -1434
  -1435
  -1436
  -1437
  -1441
  -1444
  -1445
  -1446
  -1447
  -1448
  -1449
  -1450
  -1451
  -1452
  -1454
  -1455
  -1456
  -1457
  -1458
  -1459
  -1461
  -1462
  -1463
  -1464
  -1465
  -1466
  -1467
  -1468
  -1469
  -1470
  -1471
  -1472
  -1473
  -1474
  -1475
  -1476
  -1477
  -1479
  -1480
  -1481
  -1482
  -1486
  -1489
  -1490
  -1491
  -1492
  -1494
  -1495
  -1496
  -1497
  -1499
  -1501
  -1502
  -1503
  -1504
  -1505
  -1514
  -1515
  -1516
  -1517
  -1518
  -1519
  -1521
  -1522
  -1523
  -1524
  -1525
  -1526
  -1527
  -1528
  -1529
  -1530
  -1531
  -1532
  -1534
  -1535
  -1536
  -1537
  -1538
  -1539
  -1540
  -1541
  -1542
  -1543
  -1545
  -1546
  -1547
  -1548
  -1549
  -1550
  -1551
  -1552
  -1553
  -1554
  -1555
  -1556
  -1557
  -1558
  -1559
  -1562
  -1563
  -1564
  -1565
  -1567
  -1568
  -1569
  -1570
  -1571
  -1572
  -1574
  -1575
  -1576
  -1577
  -1579
  -1580
  -1581
  -1583
  -1584
  -1585
  -1586
  -1606
  -1607
  -1608
  -1609
  -1610
  -1611
  -1612
  -1613
  -1614
  -1615
  -1616
  -1617
  -1618
  -1619
  -1620
  -1621
  -1622
  -1623
  -1624
  -1625
  -1626
  -1627
  -1628
  -1629
  -1630
  -1634
  -1635
  -1638
  -1640
  -1641
  -1642
  -1643
  -1644
  -1645
  -1646
  -1647
  -1648
  -1649
  -1651
  -1652
  -1653
  -1654
  -1655
  -1656
  -1657
  -1658
  -1659
  -1660
  -1661
  -1662
  -1664
  -1665
  -1666
  -1667
  -1668
  -1669
  -1670
  -1671
  -1672
  -1673
  -1674
  -1675
  -1676
  -1677
  -1678
  -1679
  -1680
  -1681
  -1682
  -1683
  -1688
  -1690
  -1692
  -1695
  -1696
  -1699
  -1700
  -1701
  -1702
  -1703
  -1704
  -1705
  -1707
  -1708
  -1709
  -1710
  -1712
  -1713
  -1714
  -1715
  -1716
  -1717
  -1718
  -1719
  -1720
  -1721
  -1722
  -1723
  -1724
  -1725
  -1726
  -1727
  -1728
  -1729
  -1730
  -1731
  -1732
  -1733
  -1734
  -1735
  -1736
  -1737
  -1738
  -1740
  -1741
  -1742
  -1743
  -1744
  -1745
  -1746
  -1747
  -1749
  -1750
  -1751
  -1752
  -1753
  -1757
  -1760
  -1761
  -1762
  -1763
  -1764
  -1768
  -1769
  -1770
  -1771
  -1772
  -1773
  -1774
  -1775
  -1776
  -1777
  -1778
  -1779
  -1780
  -1781
  -1782
  -1783
  -1784
  -1785
  -1786
  -1787
  -1788
  -1789
  -1790
  -1791
  -1792
  -1793
  -1794
  -1795
  -1796
  -1797
  -1798
  -1799
  -1800
  -1801
  -1802
  -1803
  -1804
  -1805
  -1806
  -1807
  -1808
  -1809
  -1810
  -1811
  -1812
  -1813
  -1814
  -1815
  -1816
  -1817
  -1818
  -1819
  -1820
  -1821
  -1822
  -1823
  -1824
  -1825
  -1826
  -1827
  -1828
  -1829
  -1830
  -1831
  -1832
  -1833
  -1834
  -1835
  -1837
  -1838
  -1839
  -1840
  -1841
  -1842
  -1843
  -1845
  -1847
  -1848
  -1849
  -1850
  -1852
  -1854
  -1855
  -1856
  -1857
  -1858
  -1859
  -1860
  -1861
  -1862
  -1864
  -1865
  -1866
  -1867
  -1868
  -1869
  -1870
  -1871
  -1872
  -1873
  -1874
  -1875
  -1877
  -1878
  -1880
  -1881
  -1882
  -1883
  -1884
  -1885
  -1886
  -1887
  -1888
  -1890
  -1891
  -1892
  -1893
  -1894
  -1896
  -1897
  -1899
  -1900
  -1901
  -1902
  -1904
  -1906
  -1908
  -1909
  -1911
  -1913
  -1914
  -1915
  -1917
  -1919
  -1920
  -1922
  -1924
  -1925
  -1927
  -1929
  -1930
  -1932
  -1934
  -1935
  -1936
  -1937
  -1939
      0
      0
      0
      0
      0
      0
      0
      0
      0
      0
      0
      0
      0
      0
      0
      0
      0
      0
      0
      0
      0
      0
      0
      0
      0
      0
      0
      0
      0
      0
      0
      0
      0
      0
      0
      0
      0
      0
      0
      0
      0
      0
      0
      0
      0
      0
      0
      0
      0
      0
      0
      0
      0
      0
      0
      0
      0
      0
      0
      0
      0
      0
      0
      0
      0
      0
      0
      0
      0
      0
      0
      0
      0
      0
      0
      0
      0
      0
      0
      0
      0
      0
      0
      0
      0
      0
      0
      0
      0
      0
      0
      0
      0
      0
      0
      0
      0
      0
      0
      0
      0
      0
      0
      0
      0
      0
      0
      0
      0
      0
      0
      0
      0
      0
      0
      0
      0
      0
      0
      0
      0
      0
      0
      0
      0
      0
      0
      0
      0
      0
      0
      0
      0
      0
      0
      0
      0
      0
      0
      0
      0
      0
      0
      0
      0
      0
      0
      0
      0
      0
      0
      0
      0
      0
      0
      0
      0
      0
      0
      0
      0
      0
      0
      0
      0
      0
      0
      0
      0
      0
      0
      0
      0
      0
      0
      0
      0
      0
      0
      0
      0
      0
      0
      0
      0
      0
      0
      0
      0
      0
      0
      0
      0
      0
      0
      0
      0
      0
      0
      0
      0
      0
      0
      0
      0
      0
      0
      0
      0
      0
      0
      0
      0
      0
      0
      0
      0
      0
      0
      0
      0
      0
      0
      0
      0
      0
      0
      0
      0
      0
      0
      0
      0
      0
      0
      0
      0
      0
      0
      0
      0
      0
      0
      0
      0
      0
      0
      0
      0
      0
      0
      0
      0
      0
      0
      0
      0
      0
      0
      0
      0
      0
      0
      0
      0
      0
      0
      0
      0
      0
      0
      0
      0
      0
      0
      0
      0
      0
      0
